41.2793 2.0675 267 
41.27 2.0579 396 
41.2562 2.0591 511 
41.2409 2.0617 625 
41.2188 2.0535 792 
41.1905 2.04 998 
41.1702 2.0379 1250 
41.1469 2.0502 1539 
41.1306 2.0734 1905 
41.1234 2.108 2240 
41.1235 2.1423 2553 
41.1244 2.1966 3033 
41.1326 2.2477 3261 
41.1748 2.3255 3871 
41.206 2.3815 4282 
41.2358 2.4353 4663 
41.27 2.4976 5113 
41.3027 2.5573 5502 
41.3365 2.6191 5829 
41.3713 2.6832 6134 
41.4058 2.7468 6485 
41.4418 2.8132 6797 
41.4787 2.8815 7087 
41.5168 2.9524 7361 
41.5548 3.0229 7612 
41.5944 3.0968 7871 
41.6339 3.1708 8131 
41.6723 3.2428 8382 
41.7123 3.3179 8618 
41.7356 3.3686 8763 
41.7653 3.4529 8938 
41.7951 3.5426 9083 
41.8239 3.6291 9144 
41.8536 3.7191 9144 
41.8827 3.8076 9144 
41.9117 3.8958 9144 
41.942 3.9886 9144 
41.9716 4.0799 9144 
42.0003 4.1684 9144 
42.0249 4.243 9182 
42.0451 4.2886 9296 
42.0819 4.3489 9449 
42.1494 4.434 9738 
42.1995 4.4969 9967 
42.2496 4.5598 10142 
42.301 4.6245 10287 
42.3554 4.6931 10447 
42.405 4.756 10622 
42.4606 4.8266 10813 
42.5153 4.8962 10950 
42.5672 4.9624 11133 
42.6181 5.0274 11293 
42.6661 5.0888 11384 
42.7201 5.1579 11483 
42.7683 5.2199 11575 
42.8252 5.2932 11582 
42.8773 5.3606 11582 
42.9287 5.4272 11582 
42.9786 5.4921 11582 
43.0309 5.5607 11582 
43.0818 5.6272 11582 
43.1318 5.6928 11582 
43.1831 5.76 11582 
43.2334 5.8262 11582 
43.2829 5.8914 11582 
43.3306 5.9545 11582 
43.3759 6.0087 11582 
43.4108 6.0321 11582 
43.444 6.0436 11582 
43.5354 6.0542 11582 
43.6 6.0614 11582 
43.6655 6.0685 11582 
43.6993 6.0744 11582 
43.7957 6.1215 11582 
43.8544 6.1602 11582 
43.9165 6.2009 11582 
43.9796 6.2421 11582 
44.0412 6.2821 11582 
44.1028 6.3223 11582 
44.1645 6.3637 11582 
44.2265 6.4054 11582 
44.2936 6.4501 11582 
44.3523 6.488 11582 
44.4427 6.5263 11582 
44.5189 6.556 11582 
44.5855 6.5819 11582 
44.653 6.6082 11582 
44.7169 6.6333 11582 
44.7826 6.659 11582 
44.8524 6.6864 11582 
44.9186 6.7122 11582 
44.9853 6.7386 11582 
45.0519 6.7652 11582 
45.1198 6.7922 11582 
45.1841 6.8178 11582 
45.2521 6.8447 11582 
45.3185 6.8713 11582 
45.3841 6.8977 11582 
45.447 6.9247 11582 
45.5261 6.9755 11582 
45.5882 7.0176 11582 
45.6429 7.0547 11582 
45.719 7.1064 11582 
45.7795 7.1474 11582 
45.8486 7.1943 11582 
45.9099 7.236 11582 
45.9738 7.2797 11582 
46.0379 7.3236 11582 
46.1045 7.3694 11582 
46.1638 7.4102 11582 
46.2299 7.4558 11582 
46.2945 7.5006 11582 
46.3589 7.5453 11582 
46.4226 7.5897 11582 
46.4629 7.6189 11582 
46.5406 7.6872 11582 
46.6014 7.7411 11582 
46.6624 7.7955 11582 
46.725 7.8516 11582 
46.7866 7.9067 11582 
46.8462 7.9604 11582 
46.9062 8.0149 11582 
46.968 8.0706 11582 
47.0291 8.1256 11582 
47.0926 8.1831 11582 
47.153 8.2378 11582 
47.2139 8.2933 11582 
47.2746 8.3487 11582 
47.3351 8.4042 11582 
47.3938 8.4582 11582 
47.4543 8.5141 11582 
47.5144 8.5698 11582 
47.5769 8.6263 11582 
47.6316 8.6626 11582 
47.6722 8.6812 11582 
47.7687 8.7164 11582 
47.8486 8.7457 11582 
47.9211 8.7722 11582 
47.9884 8.7967 11582 
48.0497 8.8187 11582 
48.1028 8.8328 11582 
48.1685 8.85 11582 
48.2382 8.8685 11582 
48.308 8.887 11582 
48.3774 8.9053 11582 
48.4459 8.9234 11582 
48.5149 8.9417 11582 
48.5841 8.9602 11582 
48.6518 8.9781 11582 
48.7207 8.9965 11582 
48.7724 9.0137 11582 
48.8407 9.0438 11582 
48.9068 9.073 11582 
49.03 9.1273 11582 
49.097 9.157 11582 
49.1646 9.187 11582 
49.2454 9.2227 11582 
49.3147 9.2534 11582 
49.3796 9.2825 11582 
49.446 9.3124 11582 
49.5149 9.3433 11582 
49.5806 9.3727 11582 
49.6474 9.4033 11582 
49.7144 9.4339 11582 
49.7877 9.4672 11582 
49.855 9.498 11582 
49.9232 9.529 11582 
49.9924 9.5609 11582 
50.0603 9.5922 11582 
50.139 9.6288 11582 
50.2116 9.6625 11582 
50.2797 9.6939 11582 
50.3332 9.7187 11582 
50.4021 9.751 11582 
50.4715 9.7835 11582 
50.539 9.8152 11582 
50.6067 9.8471 11582 
50.6752 9.8797 11582 
50.7427 9.9118 11582 
50.809 9.9433 11582 
50.8779 9.9761 11582 
50.9445 10.0081 11582 
51.0132 10.0411 11582 
51.0816 10.0742 11590 
51.15 10.1074 11582 
51.2008 10.1319 11582 
51.2663 10.1637 11582 
51.3348 10.1974 11582 
51.4057 10.2319 11582 
51.4722 10.2644 11582 
51.5418 10.2985 11582 
51.6079 10.3309 11590 
51.6778 10.3654 11582 
51.7458 10.3994 11582 
51.8132 10.4331 11582 
51.8811 10.4671 11590 
51.9507 10.5021 11582 
52.0189 10.5366 11582 
52.0882 10.5717 11590 
52.1543 10.6049 11582 
52.2232 10.6399 11582 
52.2914 10.6747 11582 
52.3606 10.7101 11582 
52.4255 10.7434 11590 
52.4941 10.779 11582 
52.562 10.8142 11582 
52.6034 10.8356 11582 
52.6753 10.8726 11582 
52.7418 10.9071 11582 
52.8128 10.944 11582 
52.8789 10.9787 11582 
52.9419 11.0119 11582 
53.0098 11.048 11582 
53.0799 11.0852 11582 
53.1461 11.1204 11582 
53.2143 11.1567 11582 
53.2846 11.1942 11582 
53.3525 11.2307 11582 
53.4219 11.2679 11582 
53.4897 11.3043 11582 
53.5584 11.3414 11468 
53.6288 11.3796 11331 
53.6956 11.4166 11179 
53.7669 11.4559 11019 
53.8376 11.4947 10874 
53.9062 11.5327 10729 
53.9743 11.5703 10592 
54.0472 11.6107 10447 
54.1171 11.6494 10165 
54.1897 11.6898 9670 
54.2594 11.73 9167 
54.3016 11.7624 8839 
54.3672 11.8195 8237 
54.4347 11.8781 7704 
54.503 11.9375 7315 
54.568 11.9933 6873 
54.6337 12.0502 6447 
54.6976 12.1059 6050 
54.7572 12.1585 5646 
54.8184 12.2128 5258 
54.8786 12.2652 4877 
54.9415 12.3204 4488 
54.9971 12.3699 4168 
55.0539 12.4215 3894 
55.105 12.4689 3543 
55.1547 12.514 3078 
55.2035 12.5573 2629 
55.2487 12.5974 2377 
55.2903 12.6344 2217 
55.3282 12.6687 2050 
55.3664 12.7029 1928 
55.4009 12.7342 1737 
55.4322 12.7579 1585 
55.466 12.7822 1455 
55.4997 12.806 1204 
55.5233 12.8213 1052 
55.5537 12.83 960 
55.5741 12.8299 884 
55.5942 12.825 823 
55.614 12.8158 762 
55.6343 12.8023 716 
55.6474 12.7886 625 
55.6575 12.7715 556 
55.6617 12.7576 390 
55.6436 12.6956 274 
55.636 12.6839 213 
55.6285 12.6724 152 